# Z_isotope A_isotope GS-GS Q-value_electron_capture (keV) GS-GS Q-value_beta (keV)

1 3 0.0 18.591
1 4 22900.0 23500.0
1 5 293.0 25400.0
1 6 0.0 24300.0
2 5 0.0 0.0
2 6 0.0 3507.8
2 7 0.0 11203.0
2 8 0.0 10652.0
2 9 0.0 15864.0
2 10 0.0 15760.0
3 4 22900.0 0.0
3 5 293.0 0.0
3 8 0.0 16004.5
3 9 0.0 13606.3
3 10 0.0 20444.0
3 11 0.0 20622.0
3 12 0.0 25020.0
4 5 26000.0 0.0
4 6 4288.0 0.0
4 7 861.815 0.0
4 8 0.0 0.0
4 10 0.0 555.8
4 11 0.0 11506.0
4 12 0.0 11708.0
4 13 0.0 17100.0
4 14 0.0 16220.0
5 7 12098.0 0.0
5 8 17979.3 0.0
5 9 1068.1 0.0
5 10 0.0 0.0
5 11 0.0 0.0
5 12 0.0 13368.9
5 13 0.0 13437.2
5 14 0.0 20644.0
5 15 0.0 19094.0
5 16 0.0 23388.0
5 17 0.0 22680.0
5 18 0.0 27400.0
5 19 0.0 26500.0
6 8 12173.0 15864.0
6 9 16497.9 15760.0
6 10 3647.81 20622.0
6 11 1982.5 25020.0
6 12 0.0 9300.0
6 13 2220.4 0.0
6 14 640.0 1117.0
6 15 2754.0 9771.7
6 16 0.0 8011.0
6 17 0.0 13166.0
6 18 0.0 11807.0
6 19 0.0 16970.0
6 20 0.0 15790.0
6 21 0.0 20700.0
6 22 0.0 20500.0
7 10 24000.0 20622.0
7 11 14310.0 25020.0
7 12 17338.1 17100.0
7 13 2220.4 16220.0
7 14 5143.04 0.0
7 15 2754.0 0.0
7 16 15417.0 10420.0
7 17 2760.7 8680.0
7 18 0.0 13899.0
7 19 0.0 12527.0
7 20 0.0 17970.0
7 21 0.0 17170.0
7 22 0.0 22800.0
7 23 0.0 23100.0
7 24 0.0 28100.0
8 12 14710.0 17100.0
8 13 17765.0 16220.0
8 14 5143.04 19094.0
8 15 2754.0 23388.0
8 16 15417.0 0.0
8 17 2760.7 0.0
8 18 1655.5 0.0
8 19 3238.5 4821.0
8 20 2148.0 3814.3
8 21 0.0 8109.0
8 22 0.0 6491.0
8 23 0.0 11290.0
8 24 0.0 11400.0
8 25 0.0 15900.0
8 26 0.0 16900.0
9 14 25600.0 19094.0
9 15 13920.0 23388.0
9 16 15417.0 22680.0
9 17 2760.7 0.0
9 18 1655.5 0.0
9 19 3238.5 0.0
9 20 13887.0 7024.53
9 21 3547.5 5684.1
9 22 0.0 10818.0
9 23 0.0 8483.0
9 24 0.0 13492.0
9 25 0.0 13325.0
9 26 0.0 17860.0
9 27 0.0 18000.0
9 28 0.0 21900.0
9 29 0.0 22300.0
10 16 13312.0 22680.0
10 17 14533.0 27400.0
10 18 4433.4 26500.0
10 19 3238.5 15790.0
10 20 123.7 0.0
10 23 4056.8 4375.84
10 24 1029.0 564.0
10 25 0.0 7299.0
10 26 0.0 7332.0
10 27 0.0 12674.0
10 28 0.0 12310.0
10 29 0.0 15400.0
10 30 0.0 13600.0
10 31 0.0 18200.0
10 32 0.0 18870.0
11 18 20000.0 26500.0
11 19 11178.0 15790.0
11 20 13887.0 0.0
11 21 3547.5 0.0
11 22 2842.2 0.0
11 24 13878.0 5515.78
11 25 4277.0 3835.3
11 26 4004.14 9312.0
11 27 0.0 9006.0
11 28 0.0 13985.0
11 29 0.0 13280.0
11 30 0.0 17480.0
11 31 0.0 15880.0
11 32 0.0 19100.0
11 33 0.0 20300.0
11 34 0.0 24100.0
11 35 0.0 24900.0
12 20 10726.0 20700.0
12 21 13096.0 20500.0
12 22 4785.3 0.0
12 23 4056.8 0.0
12 27 4812.4 2610.33
12 28 0.0 1831.8
12 29 0.0 7554.0
12 30 0.0 6990.0
12 31 0.0 11739.0
12 32 0.0 10270.0
12 33 0.0 13710.0
12 34 0.0 11300.0
12 35 0.0 16400.0
12 36 0.0 15000.0
12 37 0.0 19500.0
13 21 15200.0 20500.0
13 22 18580.0 0.0
13 23 12240.0 28100.0
13 24 10810.0 0.0
13 25 4277.0 0.0
13 26 5066.0 0.0
13 28 14332.0 4642.24
13 29 4943.1 3679.5
13 30 4232.3 8561.0
13 31 0.0 7995.0
13 32 0.0 13019.0
13 33 0.0 11987.0
13 34 0.0 17094.0
13 35 0.0 14300.0
13 36 0.0 18300.0
13 37 0.0 16100.0
13 38 0.0 19500.0
13 39 0.0 18300.0
14 22 13980.0 23100.0
14 23 17010.0 28100.0
14 24 10810.0 15900.0
14 25 12741.0 16900.0
14 26 5066.0 0.0
14 27 4812.4 0.0
14 31 5396.1 1492.03
14 32 0.0 224.5
14 33 0.0 5845.0
14 34 0.0 4601.0
14 35 0.0 10498.0
14 36 0.0 7850.0
14 37 0.0 12470.0
14 38 0.0 10700.0
14 39 0.0 14800.0
14 40 0.0 13700.0
14 41 0.0 16700.0
14 42 0.0 14900.0
15 2 0.0 782.353
15 24 21200.0 15900.0
15 25 15050.0 16900.0
15 26 18120.0 0.0
15 27 11631.0 0.0
15 28 14332.0 0.0
15 29 4943.1 0.0
15 30 4232.3 0.0
15 31 5396.1 0.0
15 32 0.0 1710.66
15 33 5582.7 248.5
15 34 5491.28 5374.0
15 35 0.0 3988.8
15 36 1142.07 10413.0
15 37 0.0 7902.0
15 38 0.0 12390.0
15 39 0.0 10510.0
15 40 0.0 14500.0
15 41 0.0 13800.0
15 42 0.0 17300.0
15 43 0.0 15570.0
15 44 0.0 20100.0
15 45 0.0 18930.0
15 46 0.0 22600.0
16 26 15000.0 18000.0
16 27 18260.0 21900.0
16 28 11230.0 22300.0
16 29 13793.0 13600.0
16 30 6138.0 0.0
16 31 5396.1 0.0
16 32 12685.0 0.0
16 33 5582.7 0.0
16 34 5491.28 0.0
16 35 5965.3 167.14
16 36 1142.07 708.6
16 37 813.5 4865.3
16 38 0.0 2937.0
16 39 0.0 6639.0
16 40 0.0 4710.0
16 41 0.0 8740.0
16 42 0.0 7700.0
16 43 0.0 11500.0
16 44 0.0 9100.0
16 45 0.0 14100.0
16 46 0.0 14400.0
16 47 0.0 18320.0
16 48 0.0 16900.0
16 49 0.0 20600.0
17 28 22500.0 22300.0
17 29 16300.0 13600.0
17 30 18510.0 18200.0
17 31 11980.0 0.0
17 32 12685.0 0.0
17 33 5582.7 0.0
17 34 6062.0 0.0
17 38 5913.1 4916.8
17 39 0.0 3441.0
17 40 0.0 7482.0
17 41 0.0 5728.0
17 42 0.0 9430.0
17 43 0.0 7950.0
17 44 0.0 12270.0
17 45 0.0 10800.0
17 46 0.0 14900.0
17 47 0.0 14700.0
17 48 0.0 18400.0
17 49 0.0 16500.0
17 50 0.0 20300.0
17 51 0.0 18900.0
18 30 15600.0 18200.0
18 31 18360.0 18870.0
18 32 11152.0 20300.0
18 33 11622.0 24100.0
18 34 6062.0 0.0
18 35 5965.3 0.0
18 37 813.5 0.0
18 39 0.0 565.0
18 41 421.4 2491.6
18 42 0.0 599.0
18 43 0.0 4616.0
18 44 0.0 3548.0
18 45 0.0 6889.0
18 46 0.0 5698.0
18 47 0.0 9790.0
18 48 0.0 8900.0
18 49 0.0 13700.0
18 50 0.0 12300.0
18 51 0.0 15700.0
18 52 0.0 14500.0
18 53 0.0 17800.0
19 32 22600.0 20300.0
19 33 16140.0 24100.0
19 34 16900.0 24900.0
19 35 11881.0 15000.0
19 36 12805.0 0.0
19 37 6148.8 0.0
19 38 6743.0 0.0
19 39 6530.6 0.0
19 40 1504.9 1311.09
19 41 421.4 0.0
19 42 6425.84 3525.4
19 43 2220.8 1815.0
19 44 3653.3 5659.0
19 45 0.0 4205.0
19 46 1376.3 7716.0
19 47 0.0 6643.0
19 48 0.0 12090.0
19 49 0.0 10970.0
19 50 0.0 14200.0
19 51 0.0 13900.0
19 52 0.0 16300.0
19 53 0.0 15900.0
19 54 0.0 18000.0
19 55 0.0 17500.0
20 34 14600.0 24900.0
20 35 15606.0 15000.0
20 36 10986.0 19500.0
20 37 11639.0 19500.0
20 38 6743.0 0.0
20 39 6530.6 0.0
20 45 0.0 256.8
20 47 0.0 1991.9
20 48 0.0 278.0
20 49 0.0 5262.0
20 50 0.0 4966.0
20 51 0.0 7332.0
20 52 0.0 7900.0
20 53 0.0 10100.0
20 54 0.0 10900.0
20 55 0.0 12200.0
20 56 0.0 12200.0
20 57 0.0 14300.0
21 36 20300.0 19500.0
21 37 16000.0 19500.0
21 38 17100.0 18300.0
21 39 13108.0 0.0
21 40 14320.0 0.0
21 41 6495.3 0.0
21 42 7000.0 0.0
21 43 2220.8 0.0
21 44 3653.3 0.0
21 45 2062.4 0.0
21 46 7051.4 2366.7
21 47 2927.8 600.1
21 48 4012.3 3994.0
21 49 601.9 2006.0
21 50 0.0 6888.0
21 51 0.0 6508.0
21 52 0.0 9080.0
21 53 0.0 8900.0
21 54 0.0 11300.0
21 55 0.0 11500.0
21 56 0.0 13700.0
21 57 0.0 13200.0
21 58 0.0 15800.0
21 59 0.0 15000.0
22 38 14000.0 18300.0
22 39 15400.0 13700.0
22 40 11680.0 16700.0
22 41 12929.0 14900.0
22 42 7000.0 0.0
22 43 6867.0 0.0
22 44 267.5 0.0
22 45 2062.4 0.0
22 51 752.73 2470.6
22 52 0.0 1973.0
22 53 0.0 5020.0
22 54 0.0 4120.0
22 55 0.0 7300.0
22 56 0.0 7100.0
22 57 0.0 9820.0
22 58 0.0 8800.0
22 59 0.0 11800.0
22 60 0.0 10380.0
22 61 0.0 13600.0
23 40 19200.0 16700.0
23 41 15470.0 14900.0
23 42 16950.0 15570.0
23 43 11300.0 0.0
23 44 10310.0 0.0
23 45 7133.0 0.0
23 46 7603.0 0.0
23 47 2927.8 0.0
23 48 4012.3 0.0
23 49 601.9 0.0
23 50 2208.3 0.0
23 51 752.73 0.0
23 52 4711.7 3975.4
23 53 597.0 3436.0
23 54 1377.1 7042.0
23 55 0.0 5960.0
23 56 0.0 9050.0
23 57 0.0 8000.0
23 58 0.0 11600.0
23 59 0.0 9900.0
23 60 0.0 13800.0
23 61 0.0 12400.0
23 62 0.0 16200.0
23 63 0.0 13900.0
23 64 0.0 0.0
24 42 14200.0 15570.0
24 43 15890.0 20100.0
24 44 10310.0 18930.0
24 45 12460.0 0.0
24 46 7603.0 0.0
24 47 7452.0 0.0
24 48 1659.0 0.0
24 49 2631.0 0.0
24 50 7633.0 0.0
24 51 752.73 0.0
24 55 231.38 2603.1
24 56 0.0 1617.0
24 57 0.0 5092.0
24 58 0.0 3970.0
24 59 0.0 7620.0
24 60 0.0 6100.0
24 61 0.0 9000.0
24 62 0.0 7300.0
24 63 0.0 11200.0
24 64 0.0 9800.0
24 65 0.0 13300.0
24 66 0.0 13800.0
24 67 0.0 12900.0
25 44 19900.0 18930.0
25 45 14300.0 22600.0
25 46 17100.0 0.0
25 47 12290.0 0.0
25 48 13818.0 0.0
25 49 7715.0 0.0
25 50 8150.0 0.0
25 51 3207.8 0.0
25 52 2372.0 0.0
25 54 1377.1 697.1
25 56 4566.0 3695.5
25 57 836.0 2691.0
25 58 0.0 6247.0
25 59 0.0 5185.0
25 60 0.0 237.0
25 61 0.0 7200.0
25 62 0.0 10400.0
25 63 0.0 9000.0
25 64 0.0 12000.0
25 65 0.0 10400.0
25 66 0.0 13800.0
25 67 0.0 12900.0
25 68 0.0 7600.0
25 69 0.0 11600.0
26 45 18700.0 22600.0
26 46 13100.0 18320.0
26 47 15600.0 0.0
26 48 10890.0 20600.0
26 49 13030.0 20300.0
26 50 8150.0 0.0
26 51 8020.0 0.0
26 52 14413.0 0.0
26 53 8302.0 0.0
26 55 231.38 0.0
26 59 1072.5 1565.2
26 61 0.0 3978.0
26 62 0.0 2530.0
26 63 0.0 6060.0
26 64 0.0 4700.0
26 65 0.0 7900.0
26 66 0.0 5700.0
26 67 0.0 8700.0
26 68 0.0 7600.0
26 69 0.0 11600.0
26 70 0.0 12700.0
26 71 0.0 10900.0
26 72 0.0 14100.0
27 48 19700.0 20600.0
27 49 15000.0 20300.0
27 50 17280.0 18900.0
27 51 12940.0 14500.0
27 52 14413.0 0.0
27 53 13260.0 0.0
27 54 8799.0 0.0
27 55 3451.3 0.0
27 56 4566.0 0.0
27 57 836.0 0.0
27 58 8563.0 381.6
27 60 6126.9 2823.9
27 61 2237.2 1321.7
27 62 3948.0 5315.0
27 63 0.0 3672.0
27 64 1675.1 7307.0
27 65 0.0 5958.0
27 66 0.0 10000.0
27 67 0.0 8400.0
27 68 0.0 11700.0
27 69 0.0 9300.0
27 70 0.0 12700.0
27 71 0.0 10900.0
27 72 0.0 14100.0
27 73 0.0 8900.0
27 74 0.0 7200.0
27 75 0.0 10500.0
28 50 13400.0 18900.0
28 51 15800.0 14500.0
28 52 11260.0 17800.0
28 53 13260.0 18000.0
28 54 8799.0 0.0
28 55 8694.0 0.0
28 56 2135.0 0.0
28 57 3264.0 0.0
28 63 0.0 66.945
28 65 1351.9 2137.1
28 66 0.0 226.0
28 67 0.0 3558.0
28 68 0.0 2056.0
28 69 0.0 5360.0
28 70 0.0 3500.0
28 71 0.0 6900.0
28 72 0.0 5400.0
28 73 0.0 8900.0
28 74 0.0 7200.0
28 75 0.0 10500.0
28 76 0.0 8700.0
28 77 0.0 12000.0
28 78 0.0 10200.0
29 52 20000.0 17800.0
29 53 15900.0 18000.0
29 54 17510.0 17500.0
29 55 13700.0 12200.0
29 56 15300.0 0.0
29 57 8770.0 0.0
29 58 8563.0 0.0
29 59 4799.6 0.0
29 60 6126.9 0.0
29 61 2237.2 0.0
29 62 3948.0 0.0
29 64 1675.1 578.7
29 66 5175.0 2642.0
29 67 1000.5 577.0
29 68 2921.1 4462.0
29 69 0.0 2675.0
29 70 0.0 6599.0
29 71 0.0 4557.0
29 72 0.0 8070.0
29 73 0.0 6300.0
29 74 0.0 10000.0
29 75 0.0 8200.0
29 76 0.0 4160.0
29 77 0.0 10100.0
29 78 0.0 13300.0
29 79 0.0 11700.0
29 80 0.0 16300.0
30 54 15100.0 17500.0
30 55 16700.0 12200.0
30 56 12900.0 14300.0
30 57 14620.0 15800.0
30 58 9367.0 0.0
30 59 9094.0 0.0
30 60 4158.0 0.0
30 61 5637.0 0.0
30 62 1627.0 0.0
30 63 3366.9 0.0
30 65 1351.9 0.0
30 69 2227.3 906.0
30 70 654.7 1656.0
30 71 231.9 2815.0
30 72 0.0 458.0
30 73 0.0 1593.0
30 74 0.0 2345.0
30 75 0.0 5996.0
30 76 0.0 4160.0
30 77 0.0 5340.0
30 78 0.0 6440.0
30 79 0.0 9090.0
30 80 0.0 7290.0
30 81 0.0 11900.0
30 82 0.0 10900.0
30 83 0.0 11500.0
31 56 21000.0 14300.0
31 57 16800.0 15800.0
31 58 18310.0 15000.0
31 59 13140.0 10380.0
31 60 14190.0 0.0
31 61 9000.0 0.0
31 62 9171.0 0.0
31 63 5520.0 0.0
31 64 7165.0 0.0
31 65 3254.9 0.0
31 66 5175.0 0.0
31 67 1000.5 0.0
31 68 2921.1 0.0
31 70 654.7 1656.0
31 72 4356.0 3999.1
31 73 0.0 1593.0
31 74 2562.4 1353.0
31 75 0.0 3392.0
31 76 923.3 7010.0
31 77 0.0 5340.0
31 78 0.0 8200.0
31 79 0.0 7000.0
31 80 0.0 10380.0
31 81 0.0 8320.0
31 82 0.0 12700.0
31 83 0.0 11500.0
31 84 0.0 14000.0
31 85 0.0 10100.0
31 86 0.0 9400.0
32 58 15600.0 15000.0
32 59 17100.0 10380.0
32 60 12200.0 13600.0
32 61 13600.0 16200.0
32 62 9750.0 13900.0
32 63 9780.0 0.0
32 64 4410.0 13300.0
32 65 6240.0 0.0
32 66 2100.0 0.0
32 67 4223.0 0.0
32 68 106.0 0.0
32 69 2227.3 0.0
32 71 2013.0 0.0
32 73 341.0 0.0
32 75 0.0 1176.5
32 77 0.0 682.9
32 78 0.0 954.0
32 79 0.0 2281.0
32 80 0.0 2670.0
32 81 0.0 3856.0
32 82 0.0 4700.0
32 83 0.0 8900.0
32 84 0.0 7700.0
32 85 0.0 10100.0
32 86 0.0 9400.0
32 87 0.0 10300.0
32 88 0.0 12200.0
32 89 0.0 12300.0
33 60 21400.0 13600.0
33 61 15700.0 16200.0
33 62 17300.0 13900.0
33 63 13100.0 0.0
33 64 14900.0 13300.0
33 65 9400.0 0.0
33 66 9800.0 0.0
33 67 6010.0 0.0
33 68 8100.0 0.0
33 69 4013.0 0.0
33 70 6220.0 0.0
33 71 2013.0 0.0
33 72 4356.0 0.0
33 73 341.0 0.0
33 74 2562.4 1353.0
33 75 863.6 0.0
33 76 923.3 2962.0
33 77 0.0 682.9
33 78 3574.0 4209.0
33 79 0.0 2281.0
33 80 1870.6 5641.0
33 81 0.0 3856.0
33 82 0.0 7270.0
33 83 0.0 5460.0
33 84 0.0 9900.0
33 85 0.0 8900.0
33 86 0.0 11100.0
33 87 0.0 10300.0
33 88 0.0 12200.0
33 89 0.0 12300.0
33 90 0.0 8200.0
33 91 0.0 10600.0
33 92 0.0 9400.0
